1343693280262727
-4706767427
10072
-592212670
304
-7106908
1702818
7747443
7987171
4783227
134385115658
85
-680193
8659148415
-47628105
-44458612
-152388347
-181415
-849707
-441024
913144057
7762106387
47
90840788
-4618848
-8524028
6374217119
-9332541
-339874008
237100586
-413618569
-4113647072
5816653
712883
-33274984
62278091
6860
1343544188485391
79
10774293
33330622
-167290786
8223
-25668
-197556639
339547275062
-750073605
625706
967
7095
932860661
-2032192681
-5317
902580420
1343691882318748
48718899
6821231
-56208580
-332338720244
-10150109
372534073
12322
-8968543
-98159
616453359
-659281273
328
4687243517
6978
134385442835
41247546
65387
-97
365
-883
68
-5445135
-59821554
19039
1230
-50274
134386404329
-745949972
1343692056215855
61
94970567
-882832375
753
-4113234789
7518929
-15398
9661
6668364
4410052
-802860505
4556584
-61257364
-5802
-302940863
4960394148
99949
7429
252
-41132271921100
-56279392
-39197693
-51510
36049542
-83802255
51854168
433385
-881169253
-1144
-1846
762053269
-3915501402
761014
-351046
7821570046
-5103
-606112502
24939487
-9287041
337027226736
1343536638266210
-707926
137507669
899628833
1343535522328663
-466208566
-87
10683
60985
6487
-4557012443
-1481393
1347856
56
42530
1687251
47929952
540857
397
-5206
-464808359
-41130531361418
-30996
7101960658
-45
-7990393
925754
-366774332
-62737681
-3198324
-958
1343694174073989
43073440
-8112507625
12798538
-919
-133744
-93
-98370624
2433
-330783818165
1343699492271668
-96040
5416658
-54281
17781763
211372887
5534935748
77607023
-4113783959
-333227186511
-1664406
-93018559
-646821
8726742
343638784
1343692303896780
1343531043226651
-5307738782
4662628886
1809
9473537583
-41134366454037
5672114671
-88596149
-57724601
96878
853362
-75595015
-7102319
-4113071128
1343531316755004
6673
-30
336046381411
-334622929451
1231
-4113743153
53687
21990
33865140
-559
693177867
-411203
579867391
905125
33549410
333275653615
589793
-7529177
-1657
-2882
-303285623
623058623
943655902
-76784949
-4113005386
718
7465
-339666475381
28663
-631224
433927
-698
-6
1343534440585851
-307164
21639572
-8957070
-2552521618
6211228922
-41533
-4878
-55726
-409452237
-5568679
-334040191557
557
632193876
-5726591
404
-57499
-139
116563
-7640
-5303703159
142
332894141751
-3
-41133272687244
-2250570004
-5529007
58530
335107437
-735282
313063983
-29484466
-79
34387337
508106
5720
8288748574
33453623
17652
-1929
-339804463643
-335597462727
-9176
940697011
85702
-4664961244
810111536
95290272
-523244503
466095
30020
92104384
-2701
-1017065
226
8989
6846286
-27043
-9495317993
5
59117948
6299190
-41135965399068
-6245866586
7490849
-9481326764
892308978
-18315
4989623
-92
-9594876
-1311651144
632
511656908
-9076526345
-799
33310507
738
6477688074
-10905923
-9
-2787895
-33718
-35
-932058437
8662
99707887
-38
162709688
-2897693
79859
6675364755
-730
8427760
386644853
-814859467
86640191
-55467
-60723235
-41138116583431
9340789
-336376855303
451
3103
134385031733
134385306974
92921164
-781679444
562
8690216272
6612174
2586
-4
70784784
321672
611
399538817
84029346
98754741
747246420
-79407266
7499368
9580273
5299
260465061
8792
-237822335
1343699868276538
-48987080
7420
-652505894
330460128086
8146764
-8567424690
-76769592
33530436
-135500818
137150085
-8211089064
-59196
-102897639
384501504
996402638
-394138623
103
-530629453
5664083402
4670240918
5668201922
-349173
-176
-59418
95680314
-330375431222
24921598
-919370321
6534544
33063028
-393371
19186681
-9239356538
-83922318
7916709835
-681130
-5154
-186038565
7759057993
382261818
-337913971706
-33198547
-26806
90387
66524061
338844447178
532585022
-4113771894
1343691967303238
-132179
339218153641
66027414
-99089713
-877616912
-5703602658
329309
714775
498
70
-411310084719813
-6592716890
1746
265
-929955
-88837
-7319784487
-44920
54294
340755486
9744894
-4113692853
777152521
51246842
-64
115049579
381238491
-2301858
493603263
-986987578
-64904
4377214
335118225221
-763
-9311733
-444907538
7847277875
2523630
-62216021
4488630
155444
9375934855
33303529
-473130950
-4538237
-70965156
98520
9857663275
3868
-737495012
-800920986
-261732839
-100
-84290259
5989375677
-405419
5535776
24675073
-72486018
-334887340677
-148174648
18476919
-646569
8281969305
84158014
-6954887
78862
840734999
-3626
695199142
134385966737
-166669
1031795372
-499
31004
336549668365
-320417
-33327811
-54417
-97770
-5675888548
-910372547
2872232
-13552
9907
-4248
-51802
-68
2823272091
-7002831
-4237582
-43477206
-93336968
9080069
